1 0.121094 0.175781 0.170312 0.129687
1 0.632812 0.114062 0.175000 0.146875
1 0.833594 0.110937 0.179688 0.103125
1 0.870313 0.221875 0.203125 0.103125
1 0.683594 0.253906 0.192188 0.104688
1 0.457031 0.143750 0.160938 0.140625
1 0.287500 0.092187 0.165625 0.125000
1 0.294531 0.213281 0.170312 0.114062
1 0.491406 0.283594 0.189063 0.110938
1 0.190625 0.325000 0.181250 0.134375
1 0.824219 0.349219 0.195312 0.126563
1 0.842969 0.609375 0.164062 0.150000
1 0.664844 0.598437 0.164062 0.115625
1 0.466406 0.597656 0.204688 0.107813
1 0.255469 0.582812 0.204687 0.103125
1 0.307812 0.467969 0.178125 0.104687
1 0.490625 0.474219 0.162500 0.126563
1 0.121094 0.437500 0.185937 0.128125
1 0.131250 0.656250 0.187500 0.121875
1 0.343750 0.721094 0.162500 0.129687
1 0.528906 0.707813 0.195312 0.106250
1 0.695312 0.477344 0.168750 0.117188
1 0.632812 0.371875 0.171875 0.112500
1 0.152344 0.781250 0.210938 0.125000
1 0.727344 0.746094 0.182813 0.126562
1 0.864844 0.856250 0.145312 0.134375
1 0.564844 0.819531 0.173438 0.126562
1 0.700781 0.909375 0.182813 0.134375
1 0.475781 0.919531 0.160937 0.117188
1 0.348438 0.860156 0.159375 0.117188
1 0.192969 0.908594 0.185937 0.129687
1 0.368750 0.352344 0.178125 0.126563
1 0.891406 0.465625 0.164062 0.143750
1 0.882031 0.734375 0.170313 0.118750
