1 0.872656 0.918750 0.195312 0.156250
1 0.317969 0.922656 0.201562 0.142187
1 0.099219 0.916406 0.198437 0.117188
1 0.092188 0.800000 0.184375 0.128125
1 0.274219 0.781250 0.217187 0.131250
1 0.506250 0.918750 0.187500 0.162500
1 0.687500 0.958594 0.187500 0.082812
1 0.690625 0.861719 0.193750 0.139062
1 0.482812 0.767188 0.215625 0.137500
1 0.812500 0.751563 0.209375 0.162500
1 0.128906 0.664844 0.223437 0.154688
1 0.133594 0.381250 0.192187 0.178125
1 0.325781 0.410937 0.189062 0.140625
1 0.540625 0.430469 0.231250 0.135937
1 0.765625 0.465625 0.231250 0.131250
1 0.700781 0.585156 0.201562 0.129687
1 0.503125 0.562500 0.187500 0.153125
1 0.892969 0.636719 0.204688 0.154688
1 0.900000 0.396875 0.200000 0.150000
1 0.684375 0.309375 0.187500 0.156250
1 0.483594 0.306250 0.220313 0.134375
1 0.282812 0.539844 0.193750 0.142187
1 0.339062 0.659375 0.196875 0.137500
1 0.888281 0.261719 0.223437 0.154688
1 0.271875 0.246094 0.209375 0.154688
1 0.133594 0.112500 0.170313 0.159375
1 0.454688 0.181250 0.200000 0.153125
1 0.316406 0.075781 0.210938 0.151562
1 0.559375 0.082031 0.184375 0.142188
1 0.692969 0.157031 0.182813 0.142188
1 0.865625 0.119531 0.212500 0.157812
1 0.622656 0.704688 0.204688 0.153125
1 0.081250 0.533594 0.162500 0.170312
1 0.109375 0.245312 0.187500 0.143750
