1 0.072656 0.267187 0.145313 0.184375
1 0.532812 0.064844 0.209375 0.129688
1 0.727344 0.015625 0.201563 0.031250
1 0.788281 0.063281 0.226562 0.126563
1 0.611719 0.136719 0.217187 0.176562
1 0.367969 0.117187 0.195312 0.200000
1 0.190625 0.132031 0.196875 0.185937
1 0.223438 0.241406 0.196875 0.176563
1 0.431250 0.235937 0.215625 0.181250
1 0.145313 0.384375 0.212500 0.200000
1 0.770312 0.174219 0.225000 0.198437
1 0.844531 0.412500 0.198438 0.209375
1 0.667969 0.467187 0.192188 0.175000
1 0.472656 0.539063 0.229687 0.184375
1 0.264063 0.603125 0.228125 0.178125
1 0.290625 0.477344 0.203125 0.170312
1 0.469531 0.414844 0.192188 0.185937
1 0.104687 0.516406 0.209375 0.195312
1 0.157813 0.718750 0.215625 0.190625
1 0.379688 0.700000 0.193750 0.190625
1 0.558594 0.620313 0.220312 0.178125
1 0.671094 0.343750 0.195312 0.178125
1 0.586719 0.267188 0.198438 0.175000
1 0.205469 0.827344 0.239062 0.201563
1 0.759375 0.584375 0.212500 0.193750
1 0.905469 0.638281 0.151563 0.182813
1 0.615625 0.711719 0.203125 0.189062
1 0.767969 0.746094 0.214063 0.201563
1 0.552344 0.839062 0.189063 0.175000
1 0.414062 0.829688 0.187500 0.175000
1 0.273438 0.905469 0.215625 0.142187
1 0.325781 0.344531 0.207813 0.192188
1 0.860156 0.260156 0.198438 0.204688
1 0.896875 0.517187 0.175000 0.178125
