1 0.807813 0.118750 0.228125 0.196875
1 0.297656 0.217969 0.239063 0.220312
1 0.117969 0.276562 0.195313 0.175000
1 0.126562 0.395313 0.206250 0.181250
1 0.293750 0.368750 0.240625 0.184375
1 0.476562 0.193750 0.221875 0.209375
1 0.623437 0.106250 0.215625 0.159375
1 0.653906 0.207813 0.220313 0.184375
1 0.488281 0.339062 0.239063 0.190625
1 0.788281 0.282812 0.239062 0.212500
1 0.190625 0.503906 0.250000 0.207813
1 0.257031 0.760938 0.229687 0.218750
1 0.422656 0.693750 0.217187 0.184375
1 0.612500 0.631250 0.253125 0.193750
1 0.810156 0.551562 0.251563 0.187500
1 0.723437 0.458594 0.225000 0.179687
1 0.550000 0.520313 0.218750 0.193750
1 0.885156 0.368750 0.229688 0.206250
1 0.915625 0.581250 0.168750 0.196875
1 0.769531 0.710938 0.220312 0.200000
1 0.589062 0.756250 0.243750 0.187500
1 0.355469 0.586719 0.220312 0.185937
1 0.381250 0.466406 0.221875 0.182813
1 0.917969 0.707813 0.154688 0.206250
1 0.410938 0.856250 0.237500 0.203125
1 0.319531 0.951562 0.195313 0.090625
1 0.591406 0.875781 0.229688 0.198438
1 0.491406 0.948438 0.232813 0.103125
1 0.707812 0.925781 0.212500 0.148438
1 0.812500 0.847656 0.212500 0.182812
1 0.921875 0.843750 0.131250 0.200000
1 0.626562 0.364844 0.234375 0.201562
1 0.162500 0.637500 0.228125 0.212500
1 0.258594 0.892188 0.223438 0.190625
