1 0.792187 0.891406 0.221875 0.189062
1 0.285938 0.774219 0.231250 0.214063
1 0.108594 0.709375 0.189063 0.168750
1 0.121875 0.590625 0.200000 0.175000
1 0.289062 0.624219 0.234375 0.176562
1 0.464062 0.805469 0.215625 0.201563
1 0.608594 0.896875 0.210938 0.153125
1 0.641406 0.796875 0.214063 0.178125
1 0.480469 0.660156 0.232813 0.182812
1 0.778906 0.725781 0.232812 0.204687
1 0.189062 0.484375 0.243750 0.200000
1 0.264063 0.228906 0.221875 0.210937
1 0.428906 0.303125 0.210938 0.178125
1 0.615625 0.371875 0.246875 0.184375
1 0.810156 0.458594 0.245313 0.179687
1 0.721094 0.548437 0.220313 0.171875
1 0.550000 0.481250 0.212500 0.187500
1 0.883594 0.642969 0.232813 0.198438
1 0.917969 0.432031 0.164062 0.192187
1 0.775781 0.297656 0.214063 0.192188
1 0.595313 0.246094 0.237500 0.179688
1 0.357031 0.407031 0.214063 0.179688
1 0.378125 0.528906 0.215625 0.176562
1 0.923438 0.307031 0.150000 0.201563
1 0.421875 0.140625 0.231250 0.196875
1 0.333594 0.042969 0.192188 0.082813
1 0.603906 0.128125 0.223437 0.190625
1 0.505469 0.048437 0.229688 0.096875
1 0.721094 0.075000 0.207812 0.150000
1 0.823437 0.163281 0.206250 0.176563
1 0.933594 0.171094 0.126562 0.195313
1 0.620313 0.639062 0.228125 0.193750
1 0.166406 0.350781 0.220313 0.204688
1 0.271094 0.099219 0.217187 0.182812
