1 0.858594 0.937500 0.179688 0.125000
1 0.310938 0.922656 0.206250 0.135938
1 0.096094 0.903906 0.192188 0.110938
1 0.091406 0.792187 0.182812 0.143750
1 0.271875 0.785938 0.225000 0.143750
1 0.502344 0.925000 0.195313 0.150000
1 0.684375 0.970313 0.190625 0.059375
1 0.690625 0.890625 0.203125 0.150000
1 0.486719 0.782813 0.223437 0.150000
1 0.819531 0.783594 0.217188 0.173438
1 0.133594 0.660156 0.232812 0.167187
1 0.152344 0.374219 0.201563 0.189063
1 0.345312 0.413281 0.196875 0.151562
1 0.561719 0.444531 0.239062 0.148438
1 0.788281 0.493750 0.239062 0.143750
1 0.714844 0.609375 0.210938 0.140625
1 0.517188 0.575000 0.196875 0.162500
1 0.895312 0.670312 0.187500 0.162500
1 0.912500 0.430469 0.175000 0.157812
1 0.714063 0.328906 0.196875 0.167187
1 0.510156 0.314844 0.229688 0.145312
1 0.294531 0.540625 0.201562 0.153125
1 0.346094 0.664844 0.204688 0.148438
1 0.903906 0.292187 0.192187 0.165625
1 0.300000 0.243750 0.218750 0.165625
1 0.167969 0.101562 0.179688 0.168750
1 0.489844 0.188281 0.207812 0.164062
1 0.353125 0.078125 0.218750 0.156250
1 0.600000 0.091406 0.193750 0.151562
1 0.731250 0.175781 0.190625 0.151563
1 0.897656 0.146094 0.204687 0.170313
1 0.630469 0.726562 0.214063 0.165625
1 0.088281 0.523438 0.176563 0.181250
1 0.129688 0.232031 0.203125 0.154687
