1 0.216406 0.103125 0.217187 0.184375
1 0.717969 0.228906 0.226562 0.207812
1 0.892969 0.296094 0.185937 0.164063
1 0.877344 0.413281 0.195312 0.170312
1 0.713281 0.378125 0.229688 0.171875
1 0.542969 0.195312 0.210938 0.196875
1 0.400000 0.100781 0.206250 0.148437
1 0.365625 0.200781 0.209375 0.173437
1 0.523438 0.339062 0.228125 0.178125
1 0.226562 0.267969 0.228125 0.198437
1 0.810156 0.518750 0.239062 0.193750
1 0.730469 0.770313 0.217188 0.206250
1 0.568750 0.694531 0.206250 0.173437
1 0.383594 0.622656 0.242188 0.179688
1 0.192187 0.532813 0.240625 0.175000
1 0.282812 0.444531 0.215625 0.167187
1 0.450781 0.516406 0.207812 0.182813
1 0.121094 0.347656 0.229688 0.192187
1 0.081250 0.557813 0.162500 0.187500
1 0.223437 0.693750 0.209375 0.187500
1 0.400781 0.748437 0.232812 0.175000
1 0.642188 0.592187 0.209375 0.175000
1 0.622656 0.470312 0.210938 0.171875
1 0.074219 0.682813 0.148438 0.196875
1 0.571094 0.856250 0.226562 0.190625
1 0.660156 0.957812 0.189062 0.084375
1 0.392187 0.866406 0.218750 0.185938
1 0.488281 0.950000 0.226562 0.100000
1 0.271875 0.921094 0.203125 0.157812
1 0.174219 0.826563 0.201563 0.171875
1 0.063281 0.816406 0.126563 0.192188
1 0.383594 0.357031 0.223438 0.189063
1 0.829688 0.651562 0.215625 0.200000
1 0.720313 0.900000 0.212500 0.178125
