1 0.896094 0.785937 0.167188 0.203125
1 0.409375 0.927344 0.225000 0.145312
1 0.207031 0.956250 0.204687 0.050000
1 0.153906 0.900781 0.242188 0.148438
1 0.339062 0.850781 0.240625 0.204687
1 0.580469 0.893750 0.220313 0.212500
1 0.761719 0.901563 0.220312 0.196875
1 0.742969 0.794531 0.220312 0.201562
1 0.533594 0.773438 0.239062 0.209375
1 0.837500 0.660156 0.237500 0.226562
1 0.183594 0.792969 0.251562 0.226562
1 0.139063 0.545313 0.225000 0.234375
1 0.322656 0.512500 0.214062 0.200000
1 0.528125 0.463281 0.253125 0.214063
1 0.746094 0.425781 0.251562 0.207813
1 0.703125 0.548438 0.225000 0.196875
1 0.515625 0.589844 0.215625 0.210938
1 0.888281 0.532813 0.223437 0.221875
1 0.867188 0.321875 0.240625 0.218750
1 0.640625 0.314062 0.218750 0.215625
1 0.451563 0.371875 0.243750 0.206250
1 0.304688 0.637500 0.218750 0.203125
1 0.380469 0.723438 0.220313 0.200000
1 0.832812 0.207813 0.265625 0.231250
1 0.245312 0.383594 0.237500 0.220313
1 0.106250 0.312500 0.175000 0.203125
1 0.405469 0.273438 0.226562 0.215625
1 0.257031 0.218750 0.239063 0.228125
1 0.485156 0.153125 0.210938 0.200000
1 0.623437 0.178906 0.209375 0.198437
1 0.775000 0.120313 0.234375 0.168750
1 0.652344 0.678125 0.232813 0.218750
1 0.107813 0.696094 0.215625 0.229688
1 0.099219 0.434375 0.198437 0.200000
