1 0.078125 0.745313 0.143750 0.196875
1 0.555469 0.934375 0.223438 0.131250
1 0.763281 0.980469 0.210938 0.029688
1 0.821875 0.928906 0.240625 0.129687
1 0.637500 0.863281 0.234375 0.192188
1 0.383594 0.892188 0.210938 0.215625
1 0.196875 0.883594 0.212500 0.201563
1 0.228125 0.766406 0.212500 0.192187
1 0.444531 0.765625 0.232813 0.196875
1 0.141406 0.621094 0.229687 0.217188
1 0.802344 0.817188 0.242188 0.215625
1 0.871875 0.564844 0.215625 0.226563
1 0.683594 0.516406 0.207813 0.189062
1 0.478125 0.447656 0.246875 0.201562
1 0.258594 0.389063 0.245312 0.193750
1 0.289062 0.519531 0.218750 0.185938
1 0.478906 0.577344 0.207812 0.201563
1 0.103125 0.485156 0.206250 0.210938
1 0.141406 0.271875 0.232812 0.206250
1 0.375000 0.282813 0.209375 0.206250
1 0.564063 0.359375 0.237500 0.193750
1 0.691406 0.644531 0.210938 0.192188
1 0.607031 0.728125 0.214063 0.190625
1 0.186719 0.157031 0.257813 0.220313
1 0.776563 0.390625 0.228125 0.209375
1 0.921094 0.329687 0.154688 0.196875
1 0.620313 0.261719 0.218750 0.204687
1 0.779687 0.220313 0.231250 0.218750
1 0.549219 0.130469 0.204688 0.189062
1 0.404688 0.146094 0.203125 0.189062
1 0.254688 0.078125 0.231250 0.146875
1 0.332031 0.655469 0.223437 0.207812
1 0.892188 0.725000 0.215625 0.221875
1 0.912500 0.455469 0.175000 0.192187
